1: 12 13 ; 17 18
2: 43 44 ; 38 39
3: 11 17 ; 19 20
4: 45 46 ; 37 43
5: 18 14 ; 21 22
6: 47 48 ; 44 40
7: 20 21 ;
8:  ; 46 47
9: 10 19 ; 23 24
10: 49 50 ; 36 45
11: 9 23 ; 25 26
12: 51 52 ; 35 49
13: 24 22 ; 27 28
14: 53 54 ; 50 48
15: 26 27 ;
16:  ; 52 53
17: 16 25 ; 29 30
18: 55 56 ; 42 51
19: 15 29 ; 31 32
20: 57 58 ; 41 55
21: 30 28 ; 33 34
22: 59 60 ; 56 54
23: 32 33 ;
24:  ; 58 59
25: 34 31 ;
26:  ; 60 57
27: 35 ; 9
28: 36 ; 10
29: 37 ; 11
30: 38 ; 12
31: 39 ; 13
32: 40 ; 14
33: 41 ; 15
34: 42 ; 16
TOUT: 
