1: 12 13 ; 17 18
2: 43 44 ; 38 39
3: 11 17 ; 19 20
4: 45 46 ; 37 43
5: 18 14 ; 21 22
6: 47 48 ; 44 40
7: 20 21 ;
8:  ; 46 47
9: 10 19 ; 23 24
10: 49 50 ; 36 45
11: 9 23 ; 25 26
12: 51 52 ; 35 49
13: 24 22 ; 27 -4
14: 53 54 ; 50 48
15: 26 27 ;
16:  ; 52 53
17: 16 25 ; 29 -3
18: 55 56 ; 42 51
19: 15 29 ; 31 32
20: 57 58 ; 41 55
21: 59 60 ; 56 54
22: 32 -1 ;
23:  ; 58 59
24: -2 31 ;
25:  ; 60 57
26: 1 35 ; 9 2
27: 2 36 ; 10 3
28: 3 37 ; 11 4
29: 4 38 ; 12 5
30: 5 39 ; 13 6
31: 6 40 ; 14 7
32: 7 41 ; 15 8
33: 8 42 ; 16 1
TOUT: -1 -2; -3 -4
